(time) (Energy) (Kinetic Energy) (Potential Energy) (Pressure) (Temperature) 
0 7785.29 7785.29 0 0 2.53428 0 
0.005 -27178.1 7714.78 -34892.9 -2337.41 2.51132 0.000190071 
0.01 -27089.9 7500.23 -34590.1 2351.5 2.44148 0.000753397 
0.015 -26877.3 7134.68 -34012 11581.5 2.32249 0.0016687 
0.02 -26513.4 6612.74 -33126.1 25529.8 2.15258 0.00289876 
0.025 -25990.9 5941.34 -31932.2 44030.9 1.93403 0.00438841 
0.03 -25313.8 5158.14 -30472 66305.5 1.67908 0.00606369 
0.035 -24518.8 4346.81 -28865.6 90509.2 1.41498 0.00783508 
0.04 -23693.7 3624.01 -27317.7 113701 1.17969 0.00960792 
0.045 -22961.9 3090.6 -26052.5 132725 1.00605 0.0112988 
0.05 -22427.5 2787.96 -25215.4 145531 0.907539 0.0128497 
0.055 -22130 2694.59 -24824.6 151828 0.877144 0.0142326 
0.06 -22044.3 2751.77 -24796.1 152752 0.895758 0.0154456 
0.065 -22108.6 2892.77 -25001.4 150096 0.941656 0.0165038 
0.07 -22254.8 3061.75 -25316.5 145633 0.996664 0.0174303 
0.075 -22426.6 3221.23 -25647.8 140741 1.04858 0.0182495 
0.08 -22586.9 3351.79 -25938.7 136293 1.09108 0.0189822 
0.085 -22717.1 3447.79 -26164.9 132704 1.12233 0.0196447 
0.09 -22812.3 3511.5 -26323.8 130074 1.14307 0.0202482 
0.095 -22875.1 3548.35 -26423.4 128330 1.15506 0.0207998 
0.1 -22911 3565.01 -26476 127321 1.16048 0.0213036 
0.105 -22926.7 3569.01 -26495.7 126852 1.16179 0.0217611 
0.11 -22929.8 3568.13 -26497.9 126705 1.1615 0.0221728 
0.115 -22928.1 3569.46 -26497.6 126659 1.16193 0.0225385 
0.12 -22929 3578.12 -26507.1 126530 1.16475 0.0228587 
0.125 -22937.6 3595.83 -26533.5 126206 1.17052 0.023135 
0.13 -22955.7 3620.6 -26576.3 125673 1.17858 0.02337 
0.135 -22981.1 3648.26 -26629.3 125005 1.18759 0.0235674 
0.14 -23009.2 3674.66 -26683.9 124305 1.19618 0.0237311 
0.145 -23035.8 3697.11 -26732.9 123659 1.20349 0.0238645 
0.15 -23058.1 3715.08 -26773.1 123107 1.20934 0.0239701 
0.155 -23075.7 3730.15 -26805.8 122628 1.21424 0.0240497 
0.16 -23090.4 3745.26 -26835.7 122161 1.21916 0.0241042 
0.165 -23105.2 3763.38 -26868.6 121624 1.22506 0.0241346 
0.17 -23123.2 3786.47 -26909.7 120952 1.23257 0.0241418 
0.175 -23146.4 3814.9 -26961.3 120120 1.24183 0.0241276 
0.18 -23175 3847.81 -27022.8 119138 1.25254 0.0240941 
0.185 -23208.2 3883.72 -27091.9 118048 1.26423 0.0240443 
0.19 -23244.3 3920.96 -27165.2 116898 1.27635 0.0239814 
0.195 -23281.7 3957.63 -27239.3 115746 1.28829 0.0239088 
0.2 -23318.5 3991.82 -27310.3 114649 1.29942 0.0238302 
0.205 -23352.9 4021.7 -27374.6 113662 1.30915 0.0237489 
0.21 -23382.9 4045.75 -27428.6 112837 1.31697 0.0236676 
0.215 -23406.8 4063.06 -27469.8 112209 1.32261 0.0235887 
0.22 -23424 4073.64 -27497.7 111789 1.32606 0.0235138 
0.225 -23434.5 4078.45 -27513 111561 1.32762 0.0234434 
0.23 -23439.2 4079.1 -27518.3 111487 1.32783 0.0233778 
0.235 -23439.7 4077.43 -27517.1 111516 1.32729 0.0233164 
0.24 -23438 4074.75 -27512.8 111598 1.32642 0.0232589 
0.245 -23435.5 4071.37 -27506.9 111709 1.32532 0.0232046 
0.25 -23432.3 4066.75 -27499.1 111846 1.32381 0.023153 
0.255 -23427.8 4060.38 -27488.2 112021 1.32174 0.0231034 
0.26 -23421.2 4052.94 -27474.2 112229 1.31931 0.0230549 
0.265 -23413.4 4046.7 -27460.1 112427 1.31729 0.0230062 
0.27 -23406.8 4044.87 -27451.7 112535 1.31669 0.0229565 
0.275 -23404.7 4050.23 -27454.9 112471 1.31843 0.0229053 
0.28 -23410 4063.82 -27473.8 112181 1.32286 0.0228529 
0.285 -23423.8 4084.08 -27507.9 111675 1.32945 0.0228011 
0.29 -23444.5 4106.88 -27551.4 111035 1.33688 0.0227524 
0.295 -23467.9 4127.24 -27595.1 110392 1.3435 0.0227095 
0.3 -23488.6 4141.38 -27629.9 109876 1.34811 0.0226749 
0.305 -23503 4147.25 -27650.2 109571 1.35002 0.0226502 
0.31 -23509.2 4143.33 -27652.5 109532 1.34874 0.022636 
0.315 -23505.6 4127.99 -27633.6 109804 1.34375 0.0226317 
0.32 -23490.3 4100.74 -27591 110415 1.33488 0.0226353 
0.325 -23462.7 4064.02 -27526.7 111334 1.32292 0.0226432 
0.33 -23425.2 4023.75 -27449 112439 1.30981 0.0226506 
0.335 -23384 3987.91 -27372 113528 1.29815 0.0226519 
0.34 -23347.6 3963.92 -27311.5 114379 1.29034 0.0226422 
0.345 -23323.5 3956.14 -27279.6 114824 1.28781 0.0226182 
0.35 -23316 3964.82 -27280.8 114794 1.29063 0.0225788 
0.355 -23325.2 3986.8 -27312 114329 1.29779 0.022525 
0.36 -23347.7 4017.4 -27365.1 113537 1.30775 0.0224593 
0.365 -23378.8 4052.01 -27430.8 112553 1.31902 0.0223855 
0.37 -23413.7 4086.59 -27500.3 111503 1.33027 0.0223075 
0.375 -23448.5 4117.71 -27566.2 110497 1.3404 0.0222293 
0.38 -23479.7 4143.2 -27622.9 109621 1.3487 0.0221543 
0.385 -23505.1 4162.54 -27667.6 108919 1.35499 0.0220852 
0.39 -23524.4 4176.23 -27700.6 108395 1.35945 0.0220238 
0.395 -23538 4184.79 -27722.8 108039 1.36224 0.0219711 
0.4 -23546.4 4188.49 -27734.9 107844 1.36344 0.0219279 
0.405 -23550 4187.47 -27737.5 107803 1.36311 0.0218943 
0.41 -23548.9 4182.05 -27731 107912 1.36134 0.02187 
0.415 -23543.4 4172.97 -27716.4 108153 1.35839 0.0218542 
0.42 -23534.2 4161.5 -27695.7 108499 1.35466 0.021846 
0.425 -23522.7 4148.66 -27671.4 108915 1.35048 0.0218441 
0.43 -23510 4133.9 -27643.9 109388 1.34567 0.0218472 
0.435 -23495.5 4115.33 -27610.8 109947 1.33963 0.0218541 
0.44 -23477 4091.96 -27568.9 110625 1.33202 0.021863 
0.445 -23453.2 4065.62 -27518.8 111405 1.32344 0.0218713 
0.45 -23426.3 4040.9 -27467.2 112189 1.3154 0.0218759 
0.455 -23401 4023.35 -27424.4 112831 1.30968 0.0218739 
0.46 -23383.2 4016.98 -27400.2 113196 1.30761 0.021863 
0.465 -23376.9 4022.61 -27399.6 113215 1.30944 0.0218425 
0.47 -23383 4038 -27421 112911 1.31445 0.0218132 
0.475 -23398.9 4059.11 -27458 112374 1.32133 0.0217771 
0.48 -23420.6 4081.39 -27501.9 111729 1.32858 0.0217369 
0.485 -23443.3 4100.67 -27544 111104 1.33485 0.0216954 
0.49 -23462.8 4114.14 -27577 110606 1.33924 0.0216549 
0.495 -23476.1 4121.27 -27597.3 110289 1.34156 0.0216171 
0.5 -23482.8 4123.51 -27606.3 110144 1.34229 0.0215827 
0.505 -23484.9 4122.32 -27607.2 110132 1.3419 0.0215521 
0.51 -23483.9 4117.66 -27601.5 110232 1.34038 0.0215254 
0.515 -23479.3 4109.03 -27588.3 110451 1.33757 0.0215024 
0.52 -23470.5 4097.05 -27567.5 110782 1.33368 0.0214824 
0.525 -23458.2 4083.44 -27541.7 111188 1.32925 0.0214641 
0.53 -23444.5 4069.83 -27514.3 111617 1.32482 0.021446 
0.535 -23430.9 4056.97 -27487.8 112030 1.32063 0.0214268 
0.54 -23418.1 4044.63 -27462.7 112416 1.31661 0.0214049 
0.545 -23405.8 4032.46 -27438.3 112782 1.31265 0.0213791 
0.55 -23393.6 4020.8 -27414.4 113128 1.30885 0.0213477 
0.555 -23381.7 4010.67 -27392.4 113434 1.30556 0.0213095 
0.56 -23371.3 4003.15 -27374.5 113673 1.30311 0.0212632 
0.565 -23363.6 3999.09 -27362.7 113817 1.30179 0.0212079 
0.57 -23359.5 3999 -27358.5 113852 1.30176 0.0211432 
0.575 -23359.2 4003.28 -27362.5 113764 1.30315 0.0210689 
0.58 -23363.4 4012.65 -27376 113541 1.3062 0.0209855 
0.585 -23372.7 4028.09 -27400.8 113160 1.31123 0.020894 
0.59 -23388.3 4049.73 -27438 112608 1.31827 0.0207961 
0.595 -23410.2 4075.9 -27486.1 111910 1.32679 0.0206943 
0.6 -23436.7 4103.18 -27539.9 111139 1.33567 0.0205917 
0.605 -23464.5 4127.34 -27591.8 110404 1.34353 0.0204918 
0.61 -23488.9 4144.69 -27633.6 109815 1.34918 0.0203975 
0.615 -23506.3 4153.48 -27659.7 109447 1.35204 0.020311 
0.62 -23514.8 4154.41 -27669.2 109314 1.35235 0.0202333 
0.625 -23515.3 4150.14 -27665.5 109368 1.35096 0.0201642 
0.63 -23510.8 4143.69 -27654.5 109525 1.34886 0.0201029 
0.635 -23504.2 4136.95 -27641.2 109714 1.34666 0.0200485 
0.64 -23497.5 4130.4 -27627.9 109899 1.34453 0.0199999 
0.645 -23490.9 4124.25 -27615.1 110066 1.34253 0.019956 
0.65 -23484.6 4119.67 -27604.2 110193 1.34104 0.0199158 
0.655 -23479.9 4118.6 -27598.4 110237 1.34069 0.0198784 
0.66 -23478.8 4122.34 -27601.1 110152 1.34191 0.0198435 
0.665 -23482.7 4130.52 -27613.2 109928 1.34457 0.0198113 
0.67 -23491.3 4140.85 -27632.2 109605 1.34793 0.019783 
0.675 -23502.1 4150.34 -27652.4 109263 1.35102 0.0197598 
0.68 -23511.6 4156.92 -27668.5 108977 1.35316 0.0197429 
0.685 -23518 4160.14 -27678.2 108789 1.35421 0.0197331 
0.69 -23521.1 4160.35 -27681.5 108702 1.35428 0.0197304 
0.695 -23521.4 4157.66 -27679.1 108713 1.35341 0.0197349 
0.7 -23518.8 4151.52 -27670.3 108829 1.35141 0.0197464 
0.705 -23512.5 4141.16 -27653.7 109068 1.34803 0.0197643 
0.71 -23502 4126.58 -27628.6 109437 1.34329 0.0197875 
0.715 -23487.1 4109.56 -27596.7 109907 1.33775 0.0198143 
0.72 -23469.6 4093.75 -27563.4 110399 1.3326 0.0198428 
0.725 -23453.4 4083.29 -27536.7 110803 1.3292 0.0198709 
0.73 -23442.8 4080.49 -27523.3 111025 1.32828 0.0198975 
0.735 -23440.3 4084.38 -27524.6 111045 1.32955 0.0199225 
0.74 -23444.7 4091.22 -27535.9 110926 1.33178 0.0199468 
0.745 -23452.2 4096.02 -27548.2 110791 1.33334 0.0199717 
0.75 -23457.5 4094.3 -27551.8 110770 1.33278 0.0199982 
0.755 -23455.9 4083.49 -27539.4 110964 1.32926 0.0200264 
0.76 -23444.9 4063.85 -27508.8 111406 1.32287 0.0200553 
0.765 -23424.9 4038.05 -27463 112055 1.31447 0.0200824 
0.77 -23398.8 4009.78 -27408.5 112824 1.30527 0.0201047 
0.775 -23370.2 3982.25 -27352.4 113616 1.2963 0.0201186 
0.78 -23342.4 3958.07 -27300.5 114347 1.28843 0.0201209 
0.785 -23318 3940.09 -27258 114941 1.28258 0.0201084 
0.79 -23299.5 3931.94 -27231.4 115306 1.27993 0.0200788 
0.795 -23290.9 3936.99 -27227.9 115345 1.28157 0.0200308 
0.8 -23296.1 3956.2 -27252.3 114993 1.28783 0.0199648 
0.805 -23315.8 3986.91 -27302.8 114278 1.29782 0.019883 
0.81 -23347.2 4023.56 -27370.8 113314 1.30975 0.0197893 
0.815 -23384.6 4059.6 -27444.2 112273 1.32148 0.0196883 
0.82 -23421.3 4089.48 -27510.8 111322 1.33121 0.0195844 
0.825 -23451.3 4110.37 -27561.6 110583 1.33801 0.0194813 
0.83 -23471.9 4122.77 -27594.6 110089 1.34205 0.0193811 
0.835 -23483.8 4129.78 -27613.6 109791 1.34433 0.0192849 
0.84 -23490.4 4135.33 -27625.7 109594 1.34613 0.0191932 
0.845 -23495.8 4142.21 -27638 109403 1.34837 0.0191061 
0.85 -23502.8 4150.99 -27653.8 109172 1.35123 0.0190242 
0.855 -23511.9 4160.08 -27672 108915 1.35419 0.0189485 
0.86 -23521.3 4166.79 -27688.1 108690 1.35638 0.0188801 
0.865 -23528.2 4169.02 -27697.2 108561 1.3571 0.0188198 
0.87 -23530.4 4166.37 -27696.8 108563 1.35624 0.0187678 
0.875 -23527.6 4160.01 -27687.6 108685 1.35417 0.0187235 
0.88 -23521 4151.86 -27672.9 108886 1.35152 0.018686 
0.885 -23512.6 4144.09 -27656.7 109109 1.34899 0.0186543 
0.89 -23504.5 4138.89 -27643.4 109297 1.34729 0.0186272 
0.895 -23499.1 4137.67 -27636.8 109398 1.3469 0.018604 
0.9 -23498.2 4140.16 -27638.4 109397 1.34771 0.0185848 
0.905 -23501.2 4144.24 -27645.4 109330 1.34904 0.0185699 
0.91 -23505.7 4146.63 -27652.3 109271 1.34982 0.0185601 
0.915 -23508.4 4144.03 -27652.4 109314 1.34897 0.018556 
0.92 -23505.9 4134.25 -27640.2 109532 1.34578 0.0185577 
0.925 -23496.1 4117 -27613.1 109956 1.34017 0.0185641 
0.93 -23478.6 4094.02 -27572.6 110563 1.33269 0.0185733 
0.935 -23455.1 4069.19 -27524.3 111272 1.32461 0.0185826 
0.94 -23429.7 4047.99 -27477.7 111948 1.31771 0.0185889 
0.945 -23408 4035.32 -27443.3 112443 1.31358 0.0185895 
0.95 -23395.3 4033.22 -27428.5 112658 1.3129 0.018583 
0.955 -23393.5 4040.61 -27434.1 112579 1.3153 0.0185693 
0.96 -23401.2 4054.8 -27456 112262 1.31992 0.0185495 
0.965 -23415.6 4072.96 -27488.5 111786 1.32583 0.0185256 
0.97 -23434.1 4092.46 -27526.5 111232 1.33218 0.0185 
0.975 -23454.1 4110.46 -27564.5 110681 1.33804 0.0184752 
0.98 -23472.4 4123.9 -27596.3 110222 1.34242 0.0184532 
0.985 -23486 4130.3 -27616.3 109938 1.3445 0.0184358 
0.99 -23492.5 4128.63 -27621.1 109879 1.34396 0.0184237 
0.995 -23490.8 4119.45 -27610.2 110053 1.34097 0.0184165 
1 -23481.4 4104.34 -27585.7 110428 1.33605 0.0184129 
1.005 -23465.9 4085.72 -27551.6 110946 1.32999 0.0184111 
1.01 -23446.9 4066.66 -27513.6 111524 1.32378 0.0184086 
1.015 -23427.4 4050.76 -27478.2 112064 1.31861 0.018403 
1.02 -23411.2 4041.16 -27452.4 112466 1.31548 0.0183923 
1.025 -23401.5 4039.47 -27441 112659 1.31493 0.0183752 
1.03 -23399.9 4045.52 -27445.5 112618 1.3169 0.0183516 
1.035 -23406.2 4058.08 -27464.3 112364 1.32099 0.0183222 
1.04 -23418.9 4075.24 -27494.2 111939 1.32658 0.0182886 
1.045 -23436.5 4094.42 -27530.9 111410 1.33282 0.0182528 
1.05 -23456.1 4112.38 -27568.4 110861 1.33867 0.0182172 
1.055 -23474.4 4125.92 -27600.3 110387 1.34307 0.0181841 
1.06 -23488.1 4132.88 -27620.9 110068 1.34534 0.018155 
1.065 -23494.9 4132.8 -27627.7 109944 1.34531 0.0181308 
1.07 -23494.6 4126.67 -27621.3 110008 1.34332 0.0181114 
1.075 -23488.2 4116.57 -27604.8 110217 1.34003 0.018096 
1.08 -23477.8 4105.39 -27583.2 110502 1.33639 0.0180831 
1.085 -23466.3 4096.21 -27562.5 110775 1.3334 0.0180713 
1.09 -23457 4091.36 -27548.3 110959 1.33182 0.0180595 
1.095 -23452.2 4091.52 -27543.7 111007 1.33187 0.018047 
1.1 -23452.4 4096 -27548.4 110919 1.33333 0.0180339 
1.105 -23457 4104 -27561 110713 1.33594 0.0180209 
1.11 -23465 4115.43 -27580.4 110404 1.33966 0.0180086 
1.115 -23476.4 4130.4 -27606.8 109993 1.34453 0.0179983 
1.12 -23491.6 4148.23 -27639.8 109493 1.35033 0.0179917 
1.125 -23509.6 4167.29 -27676.9 108942 1.35654 0.0179906 
1.13 -23528.9 4185.69 -27714.6 108393 1.36253 0.0179971 
1.135 -23547.6 4201.15 -27748.8 107909 1.36756 0.0180134 
1.14 -23563.5 4210.42 -27773.9 107568 1.37058 0.0180414 
1.145 -23573.2 4209.67 -27782.9 107469 1.37033 0.0180823 
1.15 -23572.7 4196.31 -27769 107700 1.36599 0.0181361 
1.155 -23559.1 4171.1 -27730.2 108283 1.35778 0.0182012 
1.16 -23533 4139.25 -27672.3 109131 1.34741 0.0182743 
1.165 -23500 4109.49 -27609.5 110046 1.33772 0.0183512 
1.17 -23469.5 4090.33 -27559.8 110782 1.33149 0.0184279 
1.175 -23450.2 4085.63 -27535.8 111160 1.32996 0.0185022 
1.18 -23446.1 4093.38 -27539.4 111152 1.33248 0.0185737 
1.185 -23454.7 4107.6 -27562.3 110868 1.33711 0.018644 
1.19 -23469.8 4121.13 -27590.9 110491 1.34151 0.0187157 
1.195 -23484 4127.92 -27611.9 110206 1.34373 0.0187908 
1.2 -23490.9 4124.6 -27615.5 110149 1.34264 0.0188705 
1.205 -23487.3 4111.25 -27598.6 110368 1.3383 0.0189544 
1.21 -23473.5 4091.3 -27564.8 110818 1.3318 0.0190407 
1.215 -23452.8 4070 -27522.8 111381 1.32487 0.0191265 
1.22 -23430.9 4052.27 -27483.2 111913 1.3191 0.0192089 
1.225 -23413.1 4041.34 -27454.4 112298 1.31554 0.0192851 
1.23 -23402.2 4038.52 -27440.7 112472 1.31462 0.0193537 
1.235 -23399.5 4043.26 -27442.7 112423 1.31616 0.0194141 
1.24 -23404.4 4053.36 -27457.8 112188 1.31945 0.0194668 
1.245 -23414.7 4065.92 -27480.6 111841 1.32354 0.019513 
1.25 -23427.2 4078.56 -27505.8 111459 1.32766 0.0195543 
1.255 -23439.8 4089.85 -27529.7 111099 1.33133 0.0195923 
1.26 -23451.2 4098.46 -27549.7 110802 1.33413 0.0196285 
1.265 -23460 4102.52 -27562.5 110615 1.33546 0.0196642 
1.27 -23463.9 4100.69 -27564.6 110586 1.33486 0.0197 
1.275 -23461.8 4094.08 -27555.8 110716 1.33271 0.0197357 
1.28 -23454.7 4086.49 -27541.2 110936 1.33024 0.0197704 
1.285 -23446.8 4081.4 -27528.2 111142 1.32858 0.0198032 
1.29 -23441.8 4079.45 -27521.3 111272 1.32794 0.0198335 
1.295 -23440 4079.54 -27519.5 111330 1.32797 0.0198615 
1.3 -23440.1 4081.1 -27521.2 111336 1.32848 0.0198873 
1.305 -23441.8 4084.03 -27525.8 111294 1.32944 0.0199115 
1.31 -23444.9 4087.39 -27532.3 111217 1.33053 0.0199348 
1.315 -23448.6 4089.23 -27537.8 111145 1.33113 0.0199577 
1.32 -23450.7 4087.93 -27538.7 111129 1.33071 0.0199808 
1.325 -23449.5 4083.49 -27532.9 111194 1.32926 0.0200037 
1.33 -23444.7 4077.72 -27522.4 111321 1.32738 0.0200258 
1.335 -23438.6 4072.92 -27511.6 111452 1.32582 0.0200463 
1.34 -23433.8 4070.09 -27503.9 111543 1.3249 0.0200645 
1.345 -23431.1 4068.56 -27499.6 111595 1.3244 0.0200799 
1.35 -23429.6 4067.39 -27497 111629 1.32402 0.0200926 
1.355 -23428.4 4066.53 -27494.9 111662 1.32374 0.0201026 
1.36 -23427.6 4066.27 -27493.9 111687 1.32365 0.0201098 
1.365 -23427.5 4066.02 -27493.5 111708 1.32357 0.0201147 
1.37 -23427.3 4064.27 -27491.6 111752 1.323 0.0201174 
1.375 -23425.6 4059.9 -27485.5 111850 1.32158 0.020118 
1.38 -23421 4053.68 -27474.7 112006 1.31956 0.0201161 
1.385 -23414.5 4048.24 -27462.7 112168 1.31779 0.0201108 
1.39 -23408.8 4046.52 -27455.3 112256 1.31723 0.0201011 
1.395 -23407 4050.22 -27457.2 112205 1.31843 0.0200867 
1.4 -23410.7 4059.71 -27470.5 111986 1.32152 0.0200677 
1.405 -23420.2 4074.4 -27494.6 111606 1.3263 0.0200451 
1.41 -23435.1 4092.81 -27527.9 111093 1.33229 0.0200204 
1.415 -23453.9 4112.67 -27566.6 110505 1.33876 0.0199957 
1.42 -23474.3 4131.3 -27605.6 109914 1.34482 0.0199731 
1.425 -23493.3 4145.97 -27639.3 109399 1.3496 0.0199548 
1.43 -23508.2 4154.49 -27662.7 109034 1.35237 0.0199423 
1.435 -23516.8 4155.76 -27672.6 108866 1.35279 0.0199365 
1.44 -23518 4150.32 -27668.3 108904 1.35101 0.0199374 
1.445 -23512.2 4140.33 -27652.5 109113 1.34776 0.0199441 
1.45 -23501.9 4128.45 -27630.4 109426 1.3439 0.0199552 
1.455 -23490 4116.62 -27606.6 109778 1.34005 0.0199693 
1.46 -23478.1 4105.72 -27583.8 110128 1.3365 0.0199849 
1.465 -23467.2 4095.85 -27563 110459 1.33328 0.0200007 
1.47 -23457.2 4087.12 -27544.4 110764 1.33044 0.0200157 
1.475 -23448.4 4080.22 -27528.6 111026 1.3282 0.0200289 
1.48 -23441.3 4076.49 -27517.8 111215 1.32698 0.0200396 
1.485 -23437.4 4077.39 -27514.8 111287 1.32728 0.0200472 
1.49 -23438.3 4083.8 -27522.1 111208 1.32936 0.0200521 
1.495 -23444.9 4095.56 -27540.4 110969 1.33319 0.0200551 
1.5 -23456.9 4111.1 -27568 110595 1.33825 0.0200578 
1.505 -23472.8 4127.39 -27600.1 110150 1.34355 0.0200624 
1.51 -23489.3 4141.13 -27630.5 109725 1.34802 0.0200709 
1.515 -23503.1 4150.55 -27653.7 109396 1.35109 0.0200852 
1.52 -23512.4 4155.88 -27668.3 109187 1.35283 0.0201063 
1.525 -23517.8 4157.74 -27675.5 109091 1.35343 0.0201351 
1.53 -23519.9 4155.05 -27674.9 109115 1.35256 0.020172 
1.535 -23517.5 4145.2 -27662.7 109313 1.34935 0.0202169 
1.54 -23507.6 4126.38 -27634 109745 1.34322 0.0202692 
1.545 -23488.4 4099.95 -27588.3 110416 1.33462 0.0203266 
1.55 -23461.2 4070.72 -27531.9 111235 1.32511 0.0203862 
1.555 -23431.3 4044.75 -27476.1 112049 1.31665 0.0204443 
1.56 -23405.2 4026.07 -27431.3 112713 1.31057 0.0204979 
1.565 -23386.7 4014.8 -27401.5 113170 1.3069 0.020545 
1.57 -23375.8 4008.17 -27384 113455 1.30474 0.0205847 
1.575 -23369.4 4003.39 -27372.8 113644 1.30319 0.0206168 
1.58 -23364.5 3999.69 -27364.2 113788 1.30198 0.0206408 
1.585 -23360.7 3997.93 -27358.7 113884 1.30141 0.0206566 
1.59 -23359 3998.92 -27357.9 113910 1.30173 0.020664 
1.595 -23360.1 4002.27 -27362.4 113860 1.30282 0.0206634 
1.6 -23363.6 4007.2 -27370.8 113751 1.30443 0.0206553 
1.605 -23368.5 4013.55 -27382 113599 1.3065 0.0206404 
1.61 -23374.8 4021.2 -27396 113406 1.30898 0.0206195 
1.615 -23382.8 4028.62 -27411.4 113193 1.3114 0.0205935 
1.62 -23390.5 4033.28 -27423.7 113017 1.31292 0.0205635 
1.625 -23395 4033.66 -27428.7 112937 1.31304 0.02053 
1.63 -23395.1 4030.39 -27425.5 112963 1.31198 0.0204929 
1.635 -23391.5 4025.55 -27417 113057 1.3104 0.0204515 
1.64 -23386.4 4021.22 -27407.6 113161 1.30899 0.0204048 
1.645 -23382 4018.4 -27400.4 113235 1.30807 0.0203522 
1.65 -23379.3 4016.91 -27396.2 113268 1.30759 0.0202929 
1.655 -23377.8 4016.62 -27394.4 113266 1.30749 0.0202264 
1.66 -23377.3 4018.73 -27396 113219 1.30818 0.0201522 
1.665 -23379.2 4025.25 -27404.5 113084 1.3103 0.0200703 
1.67 -23385.9 4036.49 -27422.4 112827 1.31396 0.019981 
1.675 -23397.8 4049.35 -27447.1 112488 1.31815 0.0198859 
1.68 -23411.3 4058.79 -27470 112176 1.32122 0.0197866 
1.685 -23420.9 4061.23 -27482.2 112008 1.32202 0.0196845 
1.69 -23423 4057.21 -27480.3 112020 1.32071 0.0195798 
1.695 -23418.1 4051.71 -27469.9 112133 1.31891 0.0194718 
1.7 -23411.6 4052.23 -27463.8 112169 1.31909 0.0193592 
1.705 -23411.6 4064.67 -27476.2 111942 1.32313 0.0192416 
1.71 -23424.3 4089.59 -27513.8 111362 1.33125 0.01912 
1.715 -23449.9 4122.49 -27572.3 110488 1.34196 0.0189975 
1.72 -23483.4 4157.24 -27640.7 109473 1.35327 0.0188779 
1.725 -23518.6 4188.87 -27707.5 108477 1.36356 0.0187653 
1.73 -23550.5 4214.48 -27764.9 107615 1.3719 0.0186632 
1.735 -23576.3 4232.53 -27808.8 106952 1.37778 0.0185744 
1.74 -23594.6 4241.76 -27836.4 106532 1.38078 0.0185009 
1.745 -23604 4241.08 -27845 106388 1.38056 0.0184438 
1.75 -23603.1 4230.45 -27833.6 106538 1.3771 0.0184029 
1.755 -23592 4211.76 -27803.8 106954 1.37101 0.0183768 
1.76 -23572.7 4188.83 -27761.5 107552 1.36355 0.0183633 
1.765 -23549.1 4166.2 -27715.3 108213 1.35618 0.0183595 
1.77 -23526.1 4147.49 -27673.6 108818 1.35009 0.0183626 
1.775 -23507.3 4134.61 -27641.9 109287 1.3459 0.0183706 
1.78 -23494.5 4128.04 -27622.5 109584 1.34376 0.0183821 
1.785 -23488 4127.32 -27615.4 109707 1.34353 0.0183964 
1.79 -23487.6 4131.08 -27618.7 109679 1.34475 0.0184138 
1.795 -23491.8 4136.98 -27628.8 109551 1.34667 0.0184348 
1.8 -23498.1 4142.4 -27640.5 109396 1.34844 0.0184604 
1.805 -23503.7 4145.57 -27649.2 109279 1.34947 0.0184911 
1.81 -23506.9 4145.76 -27652.7 109234 1.34953 0.0185276 
1.815 -23507.2 4142.62 -27649.8 109281 1.34851 0.0185697 
1.82 -23504.1 4135.7 -27639.8 109431 1.34626 0.0186171 
1.825 -23497.2 4124.85 -27622.1 109694 1.34272 0.0186692 
1.83 -23486.2 4110.83 -27597 110062 1.33816 0.0187247 
1.835 -23471.9 4095.21 -27567.1 110502 1.33308 0.018782 
1.84 -23456 4079.63 -27535.7 110969 1.32801 0.0188393 
1.845 -23440.4 4065.11 -27505.5 111424 1.32328 0.018895 
1.85 -23425.9 4052.03 -27477.9 111845 1.31902 0.0189475 
1.855 -23412.8 4040.88 -27453.7 112216 1.31539 0.0189953 
1.86 -23401.5 4032.83 -27434.3 112514 1.31277 0.0190371 
1.865 -23393.2 4029.67 -27422.9 112696 1.31174 0.019072 
1.87 -23390 4032.84 -27422.9 112716 1.31277 0.0190995 
1.875 -23393.5 4041.81 -27435.3 112563 1.31569 0.0191203 
1.88 -23402.9 4053.08 -27455.9 112294 1.31936 0.0191357 
1.885 -23414.6 4061.66 -27476.2 112028 1.32216 0.0191476 
1.89 -23423.4 4064.23 -27487.6 111883 1.32299 0.0191573 
1.895 -23425.8 4060.95 -27486.7 111903 1.32192 0.0191652 
1.9 -23422.1 4054.37 -27476.5 112051 1.31978 0.0191709 
1.905 -23415.1 4047.36 -27462.5 112252 1.3175 0.0191733 
1.91 -23407.9 4041.86 -27449.8 112436 1.31571 0.0191716 
1.915 -23402.5 4038.77 -27441.3 112561 1.3147 0.0191649 
1.92 -23399.6 4038.03 -27437.6 112617 1.31446 0.0191527 
1.925 -23399 4039.28 -27438.3 112608 1.31487 0.0191349 
1.93 -23400.3 4042.35 -27442.6 112542 1.31587 0.0191115 
1.935 -23403.5 4047.08 -27450.5 112424 1.31741 0.0190826 
1.94 -23408.4 4053.09 -27461.5 112261 1.31937 0.0190488 
1.945 -23414.6 4059.57 -27474.2 112074 1.32147 0.0190109 
1.95 -23421.4 4064.91 -27486.3 111895 1.32321 0.0189696 
1.955 -23427 4066.93 -27493.9 111777 1.32387 0.0189258 
1.96 -23428.9 4064.23 -27493.2 111771 1.32299 0.0188797 
1.965 -23426.1 4057.77 -27483.8 111880 1.32089 0.018831 
1.97 -23419.2 4050.9 -27470.1 112044 1.31865 0.0187784 
1.975 -23411.8 4047.83 -27459.7 112157 1.31765 0.0187208 
1.98 -23408.4 4051.95 -27460.4 112111 1.31899 0.0186572 
1.985 -23412.3 4064.93 -27477.2 111837 1.32322 0.0185878 
1.99 -23425.4 4086.25 -27511.6 111321 1.33016 0.0185138 
1.995 -23447.1 4112.99 -27560.1 110614 1.33887 0.0184376 
2 -23474.4 4140.38 -27614.8 109826 1.34778 0.0183626 
2.005 -23502.2 4163.49 -27665.7 109096 1.3553 0.0182921 
2.01 -23525.5 4179.53 -27705 108536 1.36052 0.0182288 
2.015 -23541.3 4188.38 -27729.7 108187 1.3634 0.0181747 
2.02 -23549.9 4191.31 -27741.2 108032 1.36436 0.0181308 
2.025 -23552.7 4189.49 -27742.2 108036 1.36377 0.0180972 
2.03 -23550.9 4183.55 -27734.4 108172 1.36183 0.0180738 
2.035 -23544.9 4174.35 -27719.2 108417 1.35884 0.0180598 
2.04 -23535.5 4163.56 -27699 108733 1.35533 0.0180539 
2.045 -23524.6 4153.08 -27677.7 109068 1.35191 0.0180548 
2.05 -23514.3 4143.89 -27658.2 109377 1.34892 0.0180613 
2.055 -23505.2 4135.97 -27641.2 109648 1.34634 0.0180723 
2.06 -23497.4 4128.8 -27626.2 109886 1.34401 0.0180869 
2.065 -23490.3 4121.91 -27612.2 110105 1.34177 0.0181045 
2.07 -23483.4 4115.04 -27598.5 110313 1.33953 0.0181243 
2.075 -23476.6 4108.18 -27584.8 110517 1.3373 0.0181458 
2.08 -23469.6 4101.56 -27571.2 110717 1.33514 0.0181682 
2.085 -23462.9 4095.25 -27558.2 110908 1.33309 0.018191 
2.09 -23456.7 4088.88 -27545.6 111097 1.33101 0.0182136 
2.095 -23450.4 4082.04 -27532.4 111294 1.32879 0.0182355 
2.1 -23443.6 4074.52 -27518.2 111509 1.32634 0.018256 
2.105 -23436.3 4065.98 -27502.3 111746 1.32356 0.0182744 
2.11 -23427.8 4056.03 -27483.8 112014 1.32032 0.0182897 
2.115 -23417.7 4045.19 -27462.9 112309 1.31679 0.0183006 
2.12 -23406.5 4036.02 -27442.5 112587 1.31381 0.0183058 
2.125 -23396.8 4032.22 -27429.1 112758 1.31257 0.0183037 
2.13 -23392.9 4036.46 -27429.4 112732 1.31395 0.0182935 
2.135 -23397.3 4049.08 -27446.4 112469 1.31806 0.0182757 
2.14 -23410.2 4068.36 -27478.6 111991 1.32433 0.0182515 
2.145 -23429.9 4090.84 -27520.7 111369 1.33165 0.0182234 
2.15 -23452.8 4112.24 -27565 110714 1.33862 0.0181942 
2.155 -23474.3 4129.28 -27603.6 110133 1.34417 0.0181664 
2.16 -23491.3 4140.76 -27632 109692 1.3479 0.0181422 
2.165 -23502.6 4147.21 -27649.8 109398 1.35 0.0181227 
2.17 -23508.9 4149.96 -27658.9 109227 1.3509 0.0181085 
2.175 -23511.5 4150.6 -27662.1 109140 1.35111 0.0180997 
2.18 -23511.8 4150.69 -27662.5 109092 1.35114 0.0180961 
2.185 -23511.6 4151.61 -27663.2 109042 1.35144 0.0180977 
2.19 -23512.3 4154.48 -27666.8 108955 1.35237 0.0181041 
2.195 -23515 4160.08 -27675.1 108806 1.35419 0.0181158 
2.2 -23520.5 4168.63 -27689.2 108580 1.35697 0.0181331 
2.205 -23529.3 4179.01 -27708.3 108292 1.36036 0.0181574 
2.21 -23540.1 4188.56 -27728.7 107995 1.36347 0.0181898 
2.215 -23550.1 4194.16 -27744.3 107773 1.36529 0.018232 
2.22 -23555.9 4193.75 -27749.7 107697 1.36515 0.0182848 
2.225 -23555.6 4186.98 -27742.6 107803 1.36295 0.0183484 
2.23 -23548.8 4174.7 -27723.5 108084 1.35895 0.0184222 
2.235 -23536.4 4157.92 -27694.4 108515 1.35349 0.018505 
2.24 -23519.7 4137.12 -27656.8 109073 1.34672 0.0185951 
2.245 -23499 4112.3 -27611.3 109749 1.33864 0.0186904 
2.25 -23474 4083.94 -27558 110536 1.32941 0.0187884 
2.255 -23445.3 4053.95 -27499.2 111396 1.31965 0.0188858 
2.26 -23414.8 4025.81 -27440.7 112248 1.31049 0.0189792 
2.265 -23386.3 4003.64 -27389.9 112985 1.30327 0.0190653 
2.27 -23363.8 3990.76 -27354.6 113501 1.29908 0.0191414 
2.275 -23350.8 3988.56 -27339.4 113730 1.29836 0.019206 
2.28 -23348.9 3996.07 -27345 113662 1.30081 0.0192592 
2.285 -23356.9 4010.33 -27367.2 113354 1.30545 0.0193021 
2.29 -23371.6 4027.38 -27399 112902 1.31099 0.0193367 
2.295 -23388.8 4043.94 -27432.8 112408 1.31639 0.0193651 
2.3 -23405.3 4058.56 -27463.9 111942 1.32115 0.0193893 
2.305 -23419.8 4071.5 -27491.3 111524 1.32536 0.0194107 
2.31 -23432.7 4083.29 -27516 111147 1.3292 0.0194306 
2.315 -23444.6 4093.48 -27538.1 110818 1.33251 0.0194502 
2.32 -23455 4100.65 -27555.7 110567 1.33485 0.0194706 
2.325 -23462.3 4103.35 -27565.6 110438 1.33573 0.0194926 
2.33 -23465 4100.64 -27565.6 110462 1.33484 0.0195164 
2.335 -23462.2 4092.58 -27554.8 110652 1.33222 0.0195416 
2.34 -23453.9 4080.79 -27534.7 110981 1.32838 0.0195672 
2.345 -23441.7 4068.25 -27509.9 111382 1.3243 0.0195917 
2.35 -23428.8 4058.09 -27486.9 111763 1.32099 0.0196133 
2.355 -23418.6 4052.07 -27470.7 112053 1.31903 0.019631 
2.36 -23412.7 4050.11 -27462.8 112222 1.31839 0.0196439 
2.365 -23410.9 4050.94 -27461.9 112285 1.31867 0.0196521 
2.37 -23411.9 4052.97 -27464.9 112278 1.31933 0.0196559 
2.375 -23414.1 4054.69 -27468.8 112242 1.31989 0.0196558 
2.38 -23416 4054.89 -27470.9 112213 1.31995 0.0196521 
2.385 -23416.3 4053.08 -27469.3 112218 1.31936 0.019645 
2.39 -23414.3 4049.93 -27464.2 112253 1.31834 0.0196343 
2.395 -23410.9 4047.15 -27458 112285 1.31743 0.0196194 
2.4 -23407.7 4047.45 -27455.1 112255 1.31753 0.0195998 
2.405 -23407.4 4054.67 -27462.1 112078 1.31988 0.0195751 
2.41 -23414.3 4072.6 -27486.9 111650 1.32572 0.0195456 
2.415 -23432.6 4101.7 -27534.3 110914 1.33519 0.0195131 
2.42 -23462.4 4137.4 -27599.8 109935 1.34681 0.0194809 
2.425 -23498.9 4172.46 -27671.3 108882 1.35822 0.0194536 
2.43 -23534.5 4200.28 -27734.8 107950 1.36728 0.0194354 
2.435 -23562.6 4216.89 -27779.5 107291 1.37269 0.0194297 
2.44 -23579.1 4221.54 -27800.7 106973 1.3742 0.0194386 
2.445 -23583.6 4216.09 -27799.6 106983 1.37243 0.0194623 
2.45 -23577.8 4203.4 -27781.2 107256 1.3683 0.0195004 
2.455 -23564.8 4185.73 -27750.5 107722 1.36254 0.0195512 
2.46 -23546.9 4164.46 -27711.3 108324 1.35562 0.0196129 
2.465 -23525.3 4140.92 -27666.3 109020 1.34796 0.019683 
2.47 -23501.6 4117.08 -27618.6 109760 1.3402 0.0197589 
2.475 -23477.5 4095.29 -27572.8 110479 1.3331 0.0198378 
2.48 -23455.7 4077.23 -27533 111116 1.32722 0.0199172 
2.485 -23437.9 4062.92 -27500.8 111643 1.32256 0.0199954 
2.49 -23423.9 4050.86 -27474.7 112075 1.31864 0.020071 
2.495 -23412 4039.64 -27451.6 112452 1.31499 0.020143 
2.5 -23400.7 4029.15 -27429.8 112792 1.31157 0.0202102 
2.505 -23389.9 4020.36 -27410.3 113083 1.30871 0.0202717 
2.51 -23381 4014.24 -27395.2 113299 1.30672 0.0203266 
2.515 -23374.9 4010.88 -27385.8 113427 1.30563 0.0203743 
2.52 -23371.7 4009.58 -27381.3 113479 1.3052 0.0204146 
2.525 -23370.6 4009.22 -27379.8 113484 1.30509 0.0204475 
2.53 -23370.3 4008.86 -27379.2 113471 1.30497 0.0204732 
2.535 -23370 4008.27 -27378.3 113459 1.30478 0.0204916 
2.54 -23369.3 4008.25 -27377.5 113441 1.30477 0.0205026 
2.545 -23369 4010.37 -27379.4 113385 1.30546 0.0205061 
2.55 -23371 4016.04 -27387 113250 1.3073 0.0205024 
2.555 -23376.7 4025.65 -27402.3 113009 1.31043 0.0204918 
2.56 -23386.4 4038.44 -27424.9 112668 1.3146 0.0204753 
2.565 -23399.5 4052.91 -27452.4 112260 1.31931 0.0204544 
2.57 -23414.2 4067.36 -27481.5 111832 1.32401 0.0204306 
2.575 -23428.8 4079.95 -27508.8 111435 1.32811 0.0204052 
2.58 -23441.7 4088.57 -27530.2 111128 1.33091 0.0203798 
2.585 -23450.5 4091.04 -27541.5 110974 1.33172 0.0203553 
2.59 -23452.9 4085.88 -27538.8 111025 1.33004 0.0203319 
2.595 -23447.6 4073.32 -27520.9 111298 1.32595 0.0203091 
2.6 -23434.7 4055.75 -27490.5 111756 1.32023 0.0202854 
2.605 -23416.7 4037.04 -27453.8 112307 1.31414 0.0202587 
2.61 -23397.6 4021.2 -27418.8 112839 1.30898 0.0202267 
2.615 -23381.4 4011.35 -27392.8 113246 1.30578 0.0201876 
2.62 -23371.5 4009.11 -27380.6 113457 1.30505 0.0201402 
2.625 -23369.4 4014 -27383.4 113450 1.30664 0.0200844 
2.63 -23374.5 4023.94 -27398.5 113259 1.30988 0.0200208 
2.635 -23384.8 4036.65 -27421.5 112941 1.31401 0.0199506 
2.64 -23397.8 4050.66 -27448.5 112549 1.31857 0.0198752 
2.645 -23411.9 4065.32 -27477.2 112114 1.32335 0.0197959 
2.65 -23426.4 4080.7 -27507.1 111648 1.32835 0.0197142 
2.655 -23441.7 4097.44 -27539.1 111142 1.3338 0.0196314 
2.66 -23458.4 4116.01 -27574.4 110586 1.33985 0.0195492 
2.665 -23477.1 4135.79 -27612.9 109986 1.34629 0.0194693 
2.67 -23497 4155.15 -27652.2 109377 1.35259 0.0193938 
2.675 -23516.5 4172.56 -27689.1 108810 1.35825 0.0193248 
2.68 -23534.1 4186.93 -27721 108322 1.36293 0.0192638 
2.685 -23548.9 4196.87 -27745.7 107951 1.36617 0.0192123 
2.69 -23559.1 4200.37 -27759.5 107746 1.36731 0.0191714 
2.695 -23562.9 4195.63 -27758.5 107758 1.36576 0.0191412 
2.7 -23558.3 4181.9 -27740.2 108019 1.3613 0.0191211 
2.705 -23544.4 4160.18 -27704.6 108523 1.35422 0.0191093 
2.71 -23522.1 4133.85 -27655.9 109206 1.34565 0.019103 
2.715 -23494.9 4108.56 -27603.5 109938 1.33742 0.0190987 
2.72 -23468.9 4090.65 -27559.5 110549 1.33159 0.0190932 
2.725 -23450.5 4084.81 -27535.3 110884 1.32969 0.0190843 
2.73 -23444.7 4091.68 -27536.4 110868 1.33193 0.0190716 
2.735 -23452.2 4107.4 -27559.6 110547 1.33704 0.0190561 
2.74 -23468.6 4125.63 -27594.2 110063 1.34298 0.0190404 
2.745 -23487.3 4140.42 -27627.8 109589 1.34779 0.019027 
2.75 -23502.5 4147.9 -27650.4 109262 1.35023 0.0190179 
2.755 -23510 4146.71 -27656.7 109160 1.34984 0.0190138 
2.76 -23508.6 4137.76 -27646.4 109291 1.34693 0.0190144 
2.765 -23499.2 4123.58 -27622.8 109612 1.34231 0.0190182 
2.77 -23484.7 4107.21 -27591.9 110043 1.33698 0.0190231 
2.775 -23468 4091.38 -27559.4 110506 1.33183 0.0190271 
2.78 -23451.8 4078.6 -27530.4 110925 1.32767 0.0190281 
2.785 -23438.7 4071.35 -27510.1 111229 1.32531 0.0190245 
2.79 -23431.4 4071.64 -27503 111352 1.3254 0.0190156 
2.795 -23431.8 4079.85 -27511.7 111259 1.32807 0.0190016 
2.8 -23440.4 4093.86 -27534.3 110976 1.33264 0.018984 
2.805 -23455 4109.54 -27564.5 110588 1.33774 0.0189651 
2.81 -23471.2 4122.29 -27593.5 110218 1.34189 0.0189474 
2.815 -23484.2 4128.39 -27612.6 109984 1.34388 0.018933 
2.82 -23490.5 4125.8 -27616.3 109963 1.34304 0.018923 
2.825 -23487.8 4114.79 -27602.6 110180 1.33945 0.0189175 
2.83 -23476.3 4097.91 -27574.2 110596 1.33395 0.0189153 
2.835 -23458.9 4079.02 -27537.9 111118 1.3278 0.0189144 
2.84 -23439.5 4062.13 -27501.6 111635 1.32231 0.0189127 
2.845 -23422.3 4050.76 -27473 112040 1.31861 0.0189082 
2.85 -23410.7 4047 -27457.7 112253 1.31738 0.0188996 
2.855 -23407 4050.52 -27457.5 112247 1.31853 0.0188867 
2.86 -23410.9 4059.12 -27470 112057 1.32133 0.01887 
2.865 -23419.7 4070.25 -27490 111753 1.32495 0.0188507 
2.87 -23431.1 4082.07 -27513.2 111401 1.3288 0.01883 
2.875 -23443.1 4093.48 -27536.5 111046 1.33251 0.0188092 
2.88 -23454.6 4103.58 -27558.2 110720 1.3358 0.0187897 
2.885 -23464.9 4111.02 -27576 110459 1.33822 0.0187726 
2.89 -23472.6 4114.15 -27586.8 110305 1.33924 0.0187589 
2.895 -23475.8 4112.08 -27587.8 110298 1.33857 0.0187491 
2.9 -23473.7 4104.94 -27578.6 110446 1.33624 0.0187429 
2.905 -23466.7 4092.71 -27559.4 110743 1.33226 0.0187397 
2.91 -23454.6 4074.81 -27529.4 111194 1.32644 0.0187381 
2.915 -23436.6 4051.79 -27488.4 111795 1.31894 0.018736 
2.92 -23413.2 4026.57 -27439.7 112491 1.31073 0.0187308 
2.925 -23387.4 4003.79 -27391.2 113173 1.30332 0.0187192 
2.93 -23364.2 3988.16 -27352.3 113706 1.29823 0.018698 
2.935 -23348.3 3983.13 -27331.4 113975 1.29659 0.0186652 
2.94 -23343 3990.27 -27333.3 113914 1.29892 0.0186198 
2.945 -23350.2 4009.15 -27359.4 113506 1.30506 0.0185622 
2.95 -23369.6 4037.41 -27407 112795 1.31426 0.0184945 
2.955 -23398.5 4070.63 -27469.1 111879 1.32508 0.0184199 
2.96 -23432.3 4103.23 -27535.6 110905 1.33569 0.0183423 
2.965 -23465.3 4130.4 -27595.7 110021 1.34453 0.0182653 
2.97 -23492.6 4149.49 -27642.1 109336 1.35075 0.0181922 
2.975 -23511.6 4160.17 -27671.8 108896 1.35422 0.0181249 
2.98 -23522.1 4163.91 -27686 108686 1.35544 0.0180644 
2.985 -23525.7 4162.79 -27688.4 108658 1.35507 0.0180111 
2.99 -23524.5 4157.9 -27682.4 108764 1.35348 0.0179646 
2.995 -23519.7 4149.07 -27668.8 108988 1.35061 0.0179246 
3 -23510.8 4136.29 -27647.1 109326 1.34645 0.0178898 
3.005 -23497.8 4121.07 -27618.9 109752 1.3415 0.0178588 
3.01 -23482 4106.73 -27588.7 110194 1.33682 0.0178295 
3.015 -23467 4097.37 -27564.3 110545 1.33378 0.0177997 
3.02 -23457.4 4095.94 -27553.3 110704 1.33331 0.0177681 
3.025 -23456.1 4102.37 -27558.5 110630 1.33541 0.0177344 
3.03 -23463 4114.09 -27577.1 110361 1.33922 0.0176993 
3.035 -23475 4128.21 -27603.2 109979 1.34382 0.0176643 
3.04 -23489.2 4142.83 -27632 109553 1.34858 0.0176312 
3.045 -23504 4156.59 -27660.5 109132 1.35306 0.0176016 
3.05 -23517.8 4168.45 -27686.2 108752 1.35692 0.0175774 
3.055 -23529.6 4177.83 -27707.4 108439 1.35997 0.0175598 
3.06 -23539.1 4184.28 -27723.4 108205 1.36207 0.0175502 
3.065 -23545.8 4187.42 -27733.2 108064 1.36309 0.0175494 
3.07 -23549 4187.15 -27736.2 108022 1.36301 0.0175579 
3.075 -23548.8 4183.56 -27732.4 108078 1.36184 0.0175758 
3.08 -23545.4 4176.21 -27721.6 108236 1.35944 0.0176026 
3.085 -23538.1 4164.19 -27702.3 108515 1.35553 0.0176378 
3.09 -23526.1 4147.14 -27673.2 108932 1.34998 0.0176799 
3.095 -23508.9 4126.03 -27635 109478 1.34311 0.0177271 
3.1 -23487.6 4102.99 -27590.6 110109 1.33561 0.0177767 
3.105 -23464.4 4080.64 -27545 110759 1.32833 0.0178259 
3.11 -23441.9 4061.57 -27503.4 111351 1.32213 0.017872 
3.115 -23422.6 4048.17 -27470.8 111818 1.31776 0.0179125 
3.12 -23409.1 4042.63 -27451.8 112093 1.31596 0.0179457 
3.125 -23403.7 4046.07 -27449.8 112129 1.31708 0.0179709 
3.13 -23407.4 4057.23 -27464.6 111926 1.32071 0.0179887 
3.135 -23418.9 4072.91 -27491.8 111546 1.32582 0.0180005 
3.14 -23434.6 4090.18 -27524.8 111077 1.33144 0.0180087 
3.145 -23451.7 4107.86 -27559.6 110577 1.33719 0.0180154 
3.15 -23469.4 4125.7 -27595.1 110069 1.343 0.018023 
3.155 -23487.5 4142.07 -27629.5 109581 1.34833 0.0180337 
3.16 -23504.3 4152.99 -27657.3 109197 1.35188 0.0180498 
3.165 -23515.4 4154.63 -27670 109028 1.35242 0.0180727 
3.17 -23516.7 4146.13 -27662.9 109141 1.34965 0.0181027 
3.175 -23507.7 4129.59 -27637.3 109518 1.34427 0.0181386 
3.18 -23490.7 4108.26 -27598.9 110081 1.33733 0.0181784 
3.185 -23469 4085.31 -27554.3 110740 1.32985 0.0182194 
3.19 -23445.8 4063.59 -27509.4 111406 1.32278 0.0182589 
3.195 -23424 4046.04 -27470 111996 1.31707 0.0182942 
3.2 -23406.2 4035.43 -27441.7 112428 1.31362 0.0183232 
3.205 -23395.7 4032.97 -27428.6 112644 1.31282 0.0183448 
3.21 -23393.6 4037.34 -27430.9 112644 1.31424 0.0183588 
3.215 -23398.5 4045.57 -27444 112487 1.31692 0.0183661 
3.22 -23407 4054.75 -27461.8 112256 1.31991 0.0183679 
3.225 -23416.2 4063.4 -27479.6 112014 1.32272 0.0183655 
3.23 -23424.8 4071.48 -27496.3 111782 1.32535 0.0183598 
3.235 -23432.8 4079.48 -27512.3 111552 1.32796 0.0183519 
3.24 -23440.8 4087.53 -27528.3 111318 1.33057 0.0183424 
3.245 -23448.7 4095.27 -27544 111083 1.3331 0.0183324 
3.25 -23456.4 4102.32 -27558.7 110856 1.33539 0.0183227 
3.255 -23463.4 4108.66 -27572.1 110645 1.33745 0.0183138 
3.26 -23469.6 4114.94 -27584.6 110440 1.3395 0.0183064 
3.265 -23475.8 4122.57 -27598.3 110213 1.34198 0.0183009 
3.27 -23483.3 4133.03 -27616.4 109928 1.34539 0.0182979 
3.275 -23493.9 4146.52 -27640.4 109563 1.34978 0.0182984 
3.28 -23507.7 4161.02 -27668.7 109146 1.3545 0.018304 
3.285 -23522.7 4172.73 -27695.4 108762 1.35831 0.0183165 
3.29 -23535 4177.42 -27712.5 108524 1.35984 0.0183376 
3.295 -23540.1 4172.15 -27712.3 108536 1.35812 0.018368 
3.3 -23534.8 4156.31 -27691.1 108847 1.35297 0.0184074 
3.305 -23518.6 4131.67 -27650.3 109439 1.34494 0.0184539 
3.31 -23493.5 4101.55 -27595 110236 1.33514 0.0185047 
3.315 -23462.7 4070.37 -27533 111122 1.32499 0.018556 
3.32 -23430.7 4043.29 -27474 111958 1.31618 0.0186042 
3.325 -23403 4025.55 -27428.6 112592 1.3104 0.0186456 
3.33 -23384.9 4021.27 -27406.2 112891 1.30901 0.0186781 
3.335 -23380.7 4031.59 -27412.3 112782 1.31237 0.018701 
3.34 -23391.6 4053.5 -27445.1 112293 1.3195 0.0187156 
3.345 -23414.4 4080.91 -27495.3 111556 1.32842 0.0187251 
3.35 -23442.6 4107.3 -27549.9 110754 1.33701 0.0187329 
3.355 -23469.5 4127.62 -27597.1 110054 1.34363 0.0187426 
3.36 -23490.1 4138.42 -27628.5 109581 1.34714 0.0187569 
3.365 -23500.9 4137.73 -27638.7 109412 1.34692 0.0187772 
3.37 -23500 4126.07 -27626 109572 1.34312 0.0188035 
3.375 -23487.6 4107.69 -27595.3 109995 1.33714 0.0188343 
3.38 -23468.5 4088.71 -27557.2 110534 1.33096 0.018867 
3.385 -23449.3 4072.5 -27521.8 111049 1.32568 0.0188994 
3.39 -23433.1 4058.79 -27491.9 111493 1.32122 0.0189296 
3.395 -23419.2 4047.8 -27467 111863 1.31764 0.0189563 
3.4 -23407.8 4042.17 -27450 112111 1.31581 0.0189781 
3.405 -23402 4044.74 -27446.8 112160 1.31665 0.0189943 
3.41 -23404.9 4055.25 -27460.1 111975 1.32007 0.0190053 
3.415 -23416 4069.65 -27485.7 111618 1.32476 0.0190126 
3.42 -23431 4082.55 -27513.6 111226 1.32895 0.0190183 
3.425 -23444.3 4090.18 -27534.5 110928 1.33144 0.0190241 
3.43 -23451.8 4091.75 -27543.6 110794 1.33195 0.0190307 
3.435 -23453.2 4088.86 -27542.1 110814 1.33101 0.0190382 
3.44 -23450.2 4083.92 -27534.1 110935 1.3294 0.019046 
3.445 -23445.2 4078.57 -27523.8 111102 1.32766 0.0190533 
3.45 -23440 4072.85 -27512.9 111289 1.3258 0.0190593 
3.455 -23434.5 4065.75 -27500.2 111508 1.32349 0.0190635 
3.46 -23427.4 4056.7 -27484.1 111777 1.32054 0.019065 
3.465 -23418 4047.03 -27465.1 112081 1.31739 0.0190626 
3.47 -23407.9 4039.43 -27447.4 112358 1.31492 0.019055 
3.475 -23400.1 4036.01 -27436.1 112535 1.31381 0.0190412 
3.48 -23396.7 4037.65 -27434.4 112568 1.31434 0.0190205 
3.485 -23398.2 4044.94 -27443.1 112436 1.31671 0.0189932 
3.49 -23405.2 4058.79 -27464 112118 1.32122 0.0189598 
3.495 -23419.1 4079.21 -27498.4 111602 1.32787 0.018922 
3.5 -23439.9 4104.01 -27543.9 110923 1.33594 0.0188825 
3.505 -23465.3 4129.19 -27594.4 110173 1.34414 0.0188443 
3.51 -23490.9 4150.5 -27641.4 109473 1.35108 0.0188109 
3.515 -23512.4 4164.58 -27677 108936 1.35566 0.0187849 
3.52 -23526.6 4169.21 -27695.8 108642 1.35717 0.0187683 
3.525 -23531.3 4163.77 -27695 108634 1.35539 0.0187616 
3.53 -23525.6 4149.8 -27675.4 108903 1.35085 0.0187642 
3.535 -23511.2 4130.82 -27642.1 109378 1.34467 0.018774 
3.54 -23491.9 4110.53 -27602.5 109953 1.33806 0.0187887 
3.545 -23471.4 4091.22 -27562.7 110540 1.33178 0.0188055 
3.55 -23452 4074.33 -27526.3 111079 1.32628 0.0188219 
3.555 -23434.9 4062.07 -27497 111515 1.32229 0.0188358 
3.56 -23422.3 4057.26 -27479.6 111772 1.32072 0.0188454 
3.565 -23417.5 4061.67 -27479.2 111781 1.32216 0.0188497 
3.57 -23422.4 4074.18 -27496.5 111532 1.32623 0.0188492 
3.575 -23435.5 4090.94 -27526.4 111094 1.33169 0.0188453 
3.58 -23452.7 4107.82 -27560.5 110584 1.33718 0.01884 
3.585 -23469.6 4122.64 -27592.3 110093 1.34201 0.0188352 
3.59 -23484.3 4135.31 -27619.6 109658 1.34613 0.0188325 
3.595 -23496.8 4146.27 -27643.1 109282 1.3497 0.0188332 
3.6 -23507.8 4154.71 -27662.6 108972 1.35244 0.0188387 
3.605 -23516.5 4158.38 -27674.9 108775 1.35364 0.01885 
3.61 -23520.2 4155.6 -27675.8 108751 1.35273 0.0188679 
3.615 -23517.3 4146.87 -27664.1 108916 1.34989 0.0188922 
3.62 -23508.3 4134.12 -27642.4 109237 1.34574 0.0189221 
3.625 -23495.6 4118.64 -27614.2 109667 1.3407 0.0189563 
3.63 -23480.3 4100.16 -27580.4 110187 1.33469 0.0189935 
3.635 -23461.9 4078.04 -27540 110807 1.32749 0.0190319 
3.64 -23439.7 4053.12 -27492.8 111517 1.31937 0.0190694 
3.645 -23414.3 4028.27 -27442.6 112260 1.31129 0.019103 
3.65 -23389 4007.94 -27396.9 112929 1.30467 0.0191299 
3.655 -23368.1 3997.02 -27365.2 113390 1.30111 0.0191474 
3.66 -23357.1 3998.83 -27355.9 113528 1.3017 0.0191543 
3.665 -23359.2 4012.8 -27372 113303 1.30625 0.0191507 
3.67 -23373.7 4034.71 -27408.5 112781 1.31338 0.0191386 
3.675 -23396.2 4059.62 -27455.8 112095 1.32149 0.0191207 
3.68 -23421.3 4084.41 -27505.7 111360 1.32956 0.0191 
3.685 -23446.1 4107.65 -27553.8 110643 1.33713 0.0190793 
3.69 -23469.4 4128.55 -27597.9 109983 1.34393 0.0190611 
3.695 -23490.2 4147.18 -27637.4 109395 1.34999 0.0190478 
3.7 -23508.9 4163.97 -27672.8 108878 1.35546 0.0190414 
3.705 -23525.9 4177.44 -27703.3 108450 1.35984 0.019044 
3.71 -23539.8 4183.62 -27723.4 108186 1.36185 0.0190575 
3.715 -23546.3 4178.61 -27724.9 108198 1.36022 0.0190831 
3.72 -23541.1 4161.54 -27702.7 108549 1.35467 0.0191204 
3.725 -23523.5 4135.43 -27658.9 109207 1.34617 0.0191674 
3.73 -23496.7 4105.62 -27602.3 110051 1.33646 0.0192206 
3.735 -23466.3 4077.41 -27543.7 110927 1.32728 0.0192764 
3.74 -23437.8 4054.33 -27492.2 111708 1.31977 0.0193309 
3.745 -23414.7 4037.98 -27452.7 112319 1.31445 0.0193815 
3.75 -23398.4 4028.52 -27426.9 112732 1.31137 0.019426 
3.755 -23389.1 4025.18 -27414.2 112952 1.31028 0.0194634 
3.76 -23385.8 4026.9 -27412.7 113005 1.31084 0.0194934 
3.765 -23387.6 4032.73 -27420.3 112918 1.31274 0.0195163 
3.77 -23393.5 4041.55 -27435.1 112722 1.31561 0.0195329 
3.775 -23402.5 4051.82 -27454.3 112455 1.31895 0.0195443 
3.78 -23413 4061.4 -27474.4 112169 1.32207 0.0195517 
3.785 -23422.6 4068.61 -27491.2 111921 1.32442 0.0195563 
3.79 -23429.6 4073.46 -27503.1 111734 1.326 0.0195588 
3.795 -23434.2 4077.57 -27511.7 111586 1.32733 0.0195595 
3.8 -23438 4082.81 -27520.8 111431 1.32904 0.0195586 
3.805 -23443.3 4090.3 -27533.6 111226 1.33148 0.0195567 
3.81 -23450.9 4100.16 -27551.1 110955 1.33469 0.0195545 
3.815 -23460.9 4111.67 -27572.6 110630 1.33844 0.0195534 
3.82 -23472.7 4123.45 -27596.1 110279 1.34227 0.019555 
3.825 -23484.7 4133.67 -27618.3 109949 1.34559 0.019561 
3.83 -23495.1 4140.43 -27635.5 109694 1.3478 0.0195729 
3.835 -23502 4142.17 -27644.2 109564 1.34836 0.0195918 
3.84 -23503.8 4137.81 -27641.6 109598 1.34694 0.0196181 
3.845 -23499.4 4126.92 -27626.3 109818 1.3434 0.0196514 
3.85 -23488.4 4110.02 -27598.4 110222 1.3379 0.0196906 
3.855 -23471.3 4088.77 -27560.1 110779 1.33098 0.0197337 
3.86 -23449.7 4065.7 -27515.5 111428 1.32347 0.0197782 
3.865 -23426.4 4043.57 -27469.9 112092 1.31626 0.0198211 
3.87 -23404.1 4024.56 -27428.7 112697 1.31008 0.0198598 
3.875 -23385.2 4009.96 -27395.1 113191 1.30533 0.0198921 
3.88 -23370.6 4000.28 -27370.9 113547 1.30218 0.0199162 
3.885 -23360.8 3996.06 -27356.8 113750 1.3008 0.0199307 
3.89 -23356.5 3998.12 -27354.6 113779 1.30147 0.0199352 
3.895 -23358.7 4006.7 -27365.4 113621 1.30426 0.0199297 
3.9 -23367.5 4020.72 -27388.2 113291 1.30883 0.0199153 
3.905 -23381.7 4038.24 -27420 112836 1.31453 0.0198936 
3.91 -23399.6 4056.84 -27456.4 112319 1.32059 0.019867 
3.915 -23418.6 4073.34 -27491.9 111821 1.32596 0.0198377 
3.92 -23435.5 4084.12 -27519.6 111440 1.32946 0.019808 
3.925 -23446.6 4086.32 -27532.9 111266 1.33018 0.0197793 
3.93 -23448.9 4078.89 -27527.7 111352 1.32776 0.019752 
3.935 -23441.2 4062.95 -27504.2 111693 1.32258 0.0197251 
3.94 -23424.8 4042.01 -27466.8 112218 1.31576 0.0196965 
3.945 -23403 4021.94 -27425 112795 1.30922 0.0196633 
3.95 -23382.2 4009.34 -27391.6 113246 1.30513 0.0196227 
3.955 -23369.4 4008.41 -27377.9 113417 1.30482 0.0195728 
3.96 -23368.8 4018.88 -27387.7 113255 1.30823 0.0195134 
3.965 -23379.8 4037.11 -27416.9 112817 1.31416 0.0194456 
3.97 -23398.6 4058.32 -27456.9 112224 1.32107 0.0193718 
3.975 -23420.3 4078 -27498.3 111608 1.32748 0.0192944 
3.98 -23440.3 4093.17 -27533.4 111080 1.33241 0.0192157 
3.985 -23455.3 4103.38 -27558.7 110692 1.33574 0.0191374 
3.99 -23465.2 4109.87 -27575.1 110438 1.33785 0.0190604 
3.995 -23471.6 4113.37 -27584.9 110289 1.33899 0.0189855 
4 -23475.1 4113.37 -27588.5 110243 1.33899 0.0189132 
4.005 -23475.1 4109.25 -27584.3 110314 1.33765 0.0188434 
4.01 -23470.6 4101.87 -27572.4 110493 1.33525 0.0187758 
4.015 -23462.6 4094.55 -27557.2 110718 1.33286 0.0187094 
4.02 -23454.7 4092.11 -27546.9 110871 1.33207 0.0186432 
4.025 -23452.1 4098.28 -27550.4 110827 1.33408 0.0185767 
4.03 -23458.6 4113.15 -27571.7 110532 1.33892 0.0185107 
4.035 -23474.1 4132.93 -27607.1 110035 1.34536 0.0184472 
4.04 -23494.7 4152.18 -27646.9 109465 1.35162 0.0183888 
4.045 -23514.3 4166.31 -27680.6 108968 1.35622 0.0183379 
4.05 -23528.4 4172.69 -27701.1 108644 1.3583 0.0182963 
4.055 -23534.7 4170.37 -27705 108547 1.35754 0.0182645 
4.06 -23532.2 4159.78 -27692 108687 1.3541 0.0182422 
4.065 -23521.5 4142.6 -27664.1 109039 1.3485 0.0182277 
4.07 -23504 4121.39 -27625.4 109548 1.3416 0.0182188 
4.075 -23482.4 4099.21 -27581.6 110139 1.33438 0.0182127 
4.08 -23459.8 4079.44 -27539.3 110724 1.32794 0.0182064 
4.085 -23439.8 4065.27 -27505 111212 1.32333 0.0181974 
4.09 -23425.6 4058.22 -27483.8 111536 1.32103 0.018184 
4.095 -23418.9 4057.26 -27476.1 111685 1.32072 0.0181656 
4.1 -23418.2 4060.19 -27478.4 111702 1.32168 0.0181424 
4.105 -23421.1 4065.6 -27486.7 111632 1.32344 0.018115 
4.11 -23426.4 4073.25 -27499.7 111492 1.32593 0.0180844 
4.115 -23434 4082.91 -27517 111282 1.32907 0.0180517 
4.12 -23443.9 4093.62 -27537.5 111016 1.33256 0.0180181 
4.125 -23454.7 4104.12 -27558.8 110724 1.33598 0.0179849 
4.13 -23465.2 4114.19 -27579.4 110425 1.33925 0.0179534 
4.135 -23475.1 4125.02 -27600.1 110109 1.34278 0.0179246 
4.14 -23485.7 4137.93 -27623.7 109741 1.34698 0.0178993 
4.145 -23498.7 4152.5 -27651.2 109313 1.35172 0.017879 
4.15 -23513.7 4166.13 -27679.8 108869 1.35616 0.0178651 
4.155 -23527.7 4175.8 -27703.5 108494 1.35931 0.0178593 
4.16 -23537.5 4179.99 -27717.5 108256 1.36068 0.0178626 
4.165 -23541.8 4178.71 -27720.5 108184 1.36026 0.0178754 
4.17 -23540.6 4171.78 -27712.4 108283 1.358 0.0178976 
4.175 -23533.9 4158.29 -27692.2 108573 1.35361 0.0179284 
4.18 -23520.5 4137.73 -27658.2 109075 1.34692 0.0179666 
4.185 -23499.7 4111.35 -27611 109778 1.33833 0.0180097 
4.19 -23472.8 4082.35 -27555.2 110613 1.32889 0.0180548 
4.195 -23443.3 4054.8 -27498.1 111472 1.31992 0.0180984 
4.2 -23415.3 4032.49 -27447.8 112237 1.31266 0.0181372 
4.205 -23392.8 4018.39 -27411.2 112806 1.30807 0.0181686 
4.21 -23378.6 4014.48 -27393.1 113104 1.3068 0.0181909 
4.215 -23374.7 4021.56 -27396.3 113086 1.3091 0.0182036 
4.22 -23381.9 4039.07 -27421 112747 1.3148 0.0182077 
4.225 -23399.8 4065.16 -27465 112121 1.32329 0.0182053 
4.23 -23426.4 4096.82 -27523.2 111280 1.3336 0.0181995 
4.235 -23458.5 4130.19 -27588.7 110324 1.34446 0.018194 
4.24 -23492.2 4161.07 -27653.3 109373 1.35451 0.0181929 
4.245 -23523.5 4185.81 -27709.3 108540 1.36257 0.0181997 
4.25 -23548.6 4201.76 -27750.3 107921 1.36776 0.0182173 
4.255 -23564.7 4207.31 -27772 107581 1.36957 0.0182473 
4.26 -23570.2 4201.95 -27772.1 107554 1.36782 0.0182904 
4.265 -23564.5 4186.63 -27751.1 107836 1.36284 0.0183457 
4.27 -23548.9 4163.43 -27712.3 108384 1.35528 0.0184113 
4.275 -23525.4 4134.89 -27660.3 109131 1.34599 0.0184844 
4.28 -23496.6 4103.94 -27600.5 109998 1.33592 0.0185616 
4.285 -23465.3 4073.86 -27539.1 110891 1.32613 0.0186392 
4.29 -23434.9 4047.84 -27482.7 111715 1.31766 0.0187138 
4.295 -23408.6 4028.5 -27437.1 112384 1.31136 0.0187823 
4.3 -23389 4017.64 -27406.7 112833 1.30783 0.0188425 
4.305 -23378.2 4015.86 -27394 113028 1.30724 0.0188933 
4.31 -23376.7 4022.1 -27398.8 112975 1.30928 0.0189347 
4.315 -23383.3 4033.71 -27417 112729 1.31306 0.0189677 
4.32 -23395.3 4046.85 -27442.2 112383 1.31733 0.0189941 
4.325 -23408.9 4057.34 -27466.2 112049 1.32075 0.0190156 
4.33 -23419.4 4062.46 -27481.9 111825 1.32242 0.0190339 
4.335 -23424.2 4062.39 -27486.6 111748 1.32239 0.0190492 
4.34 -23423.7 4059.67 -27483.4 111777 1.32151 0.0190615 
4.345 -23420.8 4057.18 -27477.9 111837 1.3207 0.01907 
4.35 -23418.3 4056.37 -27474.6 111868 1.32043 0.0190741 
4.355 -23417.7 4057.02 -27474.7 111853 1.32064 0.0190735 
4.36 -23418.6 4058.19 -27476.7 111809 1.32103 0.0190683 
4.365 -23419.7 4059.69 -27479.4 111752 1.32151 0.0190585 
4.37 -23421.1 4062.48 -27483.6 111669 1.32242 0.0190442 
4.375 -23423.9 4067.73 -27491.6 111532 1.32413 0.0190254 
4.38 -23429.1 4075.66 -27504.8 111320 1.32671 0.0190028 
4.385 -23437.2 4085.34 -27522.5 111041 1.32986 0.0189772 
4.39 -23447 4095.44 -27542.5 110728 1.33315 0.0189498 
4.395 -23457.1 4105.09 -27562.2 110411 1.33629 0.0189216 
4.4 -23466.7 4114.2 -27580.9 110105 1.33926 0.0188937 
4.405 -23475.7 4122.71 -27598.4 109816 1.34203 0.018867 
4.41 -23484.4 4129.9 -27614.3 109556 1.34437 0.0188424 
4.415 -23491.8 4134.76 -27626.6 109353 1.34595 0.0188208 
4.42 -23496.8 4136.69 -27633.5 109233 1.34658 0.0188025 
4.425 -23498.7 4135.6 -27634.3 109207 1.34622 0.0187878 
4.43 -23497.5 4132.07 -27629.5 109267 1.34507 0.0187766 
4.435 -23493.8 4127.3 -27621.1 109386 1.34352 0.0187683 
4.44 -23488.8 4122.95 -27611.8 109523 1.3421 0.0187623 
4.445 -23484.2 4120.92 -27605.2 109626 1.34144 0.018758 
4.45 -23482.1 4122.33 -27604.5 109649 1.3419 0.0187552 
4.455 -23483.8 4126.39 -27610.2 109583 1.34323 0.0187542 
4.46 -23488.1 4131.23 -27619.4 109462 1.3448 0.0187556 
4.465 -23492.9 4135.9 -27628.8 109328 1.34632 0.0187601 
4.47 -23497.2 4141.1 -27638.3 109184 1.34802 0.0187682 
4.475 -23502.2 4147.79 -27650 109009 1.35019 0.0187805 
4.48 -23509 4155.32 -27664.4 108802 1.35264 0.018798 
4.485 -23516.9 4161.15 -27678.1 108612 1.35454 0.0188217 
4.49 -23523.1 4162.32 -27685.4 108520 1.35492 0.0188525 
4.495 -23524.3 4157.46 -27681.7 108590 1.35334 0.0188907 
4.5 -23519.2 4147.14 -27666.4 108833 1.34998 0.0189359 
4.505 -23508.8 4132.56 -27641.4 109223 1.34523 0.0189871 
4.51 -23494.3 4114.2 -27608.5 109733 1.33926 0.0190425 
4.515 -23476 4092.31 -27568.3 110352 1.33213 0.0191003 
4.52 -23454 4067.72 -27521.7 111060 1.32413 0.0191581 
4.525 -23429.2 4042.09 -27471.3 111816 1.31578 0.0192129 
4.53 -23403.2 4017.93 -27421.1 112560 1.30792 0.0192618 
4.535 -23378.6 3998.49 -27377 113208 1.30159 0.0193019 
4.54 -23358.7 3987.15 -27345.9 113665 1.2979 0.0193307 
4.545 -23347.1 3986.45 -27333.6 113849 1.29767 0.0193468 
4.55 -23346.3 3997.36 -27343.7 113710 1.30123 0.0193502 
4.555 -23357.3 4018.86 -27376.2 113253 1.30822 0.0193423 
4.56 -23379.4 4047.37 -27426.8 112542 1.3175 0.019326 
4.565 -23408.8 4077.04 -27485.8 111712 1.32716 0.019305 
4.57 -23439.2 4101.51 -27540.7 110938 1.33513 0.0192833 
4.575 -23464 4116.3 -27580.3 110378 1.33994 0.0192641 
4.58 -23478.7 4120.2 -27598.9 110112 1.34121 0.0192492 
4.585 -23482.3 4114.97 -27597.2 110139 1.33951 0.0192391 
4.59 -23476.6 4103.84 -27580.4 110389 1.33589 0.0192329 
4.595 -23465.1 4089.85 -27555 110773 1.33133 0.019229 
4.6 -23450.9 4075.16 -27526 111217 1.32655 0.0192258 
4.605 -23436 4061.22 -27497.3 111668 1.32201 0.0192215 
4.61 -23422.2 4048.89 -27471 112087 1.318 0.0192144 
4.615 -23409.8 4038.63 -27448.4 112453 1.31466 0.0192032 
4.62 -23399.3 4030.82 -27430.2 112750 1.31212 0.0191868 
4.625 -23391.4 4025.89 -27417.3 112961 1.31051 0.0191646 
4.63 -23386.3 4024.46 -27410.7 113072 1.31005 0.019136 
4.635 -23384.7 4027.35 -27412 113061 1.31099 0.019101 
4.64 -23387.7 4034.65 -27422.3 112916 1.31336 0.0190601 
4.645 -23395.3 4044.83 -27440.1 112659 1.31667 0.0190144 
4.65 -23405.6 4055.44 -27461.1 112350 1.32013 0.0189653 
4.655 -23416.3 4064.76 -27481.1 112050 1.32316 0.0189141 
4.66 -23425.6 4072.45 -27498.1 111788 1.32567 0.0188619 
4.665 -23433.2 4079.08 -27512.3 111564 1.32783 0.0188092 
4.67 -23439.8 4085.36 -27525.2 111361 1.32987 0.0187565 
4.675 -23446.2 4091.6 -27537.8 111164 1.3319 0.0187041 
4.68 -23452.5 4097.52 -27550 110974 1.33383 0.0186523 
4.685 -23458.5 4102.83 -27561.3 110798 1.33556 0.0186013 
4.69 -23463.8 4107.86 -27571.6 110636 1.33719 0.0185514 
4.695 -23468.8 4113.43 -27582.2 110470 1.33901 0.0185026 
4.7 -23474.4 4120.1 -27594.4 110283 1.34118 0.0184553 
4.705 -23481.1 4127.77 -27608.9 110066 1.34367 0.01841 
4.71 -23488.9 4135.99 -27624.9 109826 1.34635 0.0183673 
4.715 -23497.1 4144.58 -27641.7 109574 1.34915 0.0183283 
4.72 -23505.6 4153.46 -27659.1 109314 1.35204 0.0182938 
4.725 -23514.7 4161.76 -27676.5 109056 1.35474 0.0182649 
4.73 -23523.4 4167.38 -27690.8 108844 1.35657 0.0182427 
4.735 -23529.3 4168.14 -27697.4 108739 1.35682 0.0182279 
4.74 -23530 4163.45 -27693.5 108781 1.35529 0.0182209 
4.745 -23525.1 4154.43 -27679.5 108961 1.35235 0.0182211 
4.75 -23516 4142.75 -27658.7 109239 1.34855 0.0182275 
4.755 -23504.2 4129.66 -27633.8 109574 1.34429 0.0182388 
4.76 -23490.7 4116.59 -27607.3 109928 1.34004 0.0182535 
4.765 -23477.3 4105.9 -27583.2 110245 1.33656 0.0182699 
4.77 -23466.3 4100.19 -27566.5 110455 1.3347 0.0182868 
4.775 -23460.6 4100.83 -27561.4 110500 1.33491 0.0183032 
4.78 -23461.3 4107.75 -27569.1 110362 1.33716 0.0183192 
4.785 -23468.3 4120.38 -27588.7 110053 1.34127 0.0183356 
4.79 -23480.9 4138.15 -27619.1 109593 1.34705 0.0183537 
4.795 -23498.9 4159.71 -27658.6 109011 1.35407 0.0183757 
4.8 -23521.1 4181.69 -27702.8 108378 1.36123 0.0184042 
4.805 -23544 4198.45 -27742.4 107827 1.36668 0.0184422 
4.81 -23561.4 4203.85 -27765.2 107527 1.36844 0.0184919 
4.815 -23567 4193.89 -27760.9 107619 1.3652 0.0185544 
4.82 -23556.8 4168.98 -27725.8 108152 1.35709 0.0186287 
4.825 -23531.2 4134.06 -27665.2 109047 1.34572 0.0187115 
4.83 -23495.4 4096.24 -27591.7 110132 1.33341 0.0187987 
4.835 -23457 4061.88 -27518.9 111210 1.32223 0.0188856 
4.84 -23422.3 4035.24 -27457.5 112129 1.31355 0.0189682 
4.845 -23395.6 4018.34 -27413.9 112794 1.30805 0.0190435 
4.85 -23378.7 4011.12 -27389.8 113174 1.3057 0.0191099 
4.855 -23371.6 4012.41 -27384 113283 1.30612 0.019167 
4.86 -23373 4020.91 -27393.9 113157 1.30889 0.0192153 
4.865 -23381.8 4034.87 -27416.6 112841 1.31344 0.0192563 
4.87 -23396.3 4051.12 -27447.4 112406 1.31872 0.0192921 
4.875 -23413.1 4065.14 -27478.2 111965 1.32329 0.0193252 
4.88 -23427.4 4072.95 -27500.3 111641 1.32583 0.0193576 
4.885 -23435.1 4072.98 -27508 111514 1.32584 0.0193906 
4.89 -23434.8 4066.47 -27501.3 111590 1.32372 0.0194241 
4.895 -23428.1 4056.13 -27484.3 111817 1.32036 0.0194569 
4.9 -23417.6 4044.3 -27461.9 112125 1.3165 0.0194876 
4.905 -23405.7 4032.15 -27437.8 112463 1.31255 0.0195145 
4.91 -23393.5 4020.53 -27414 112801 1.30876 0.019536 
4.915 -23381.7 4011.1 -27392.8 113103 1.3057 0.0195502 
4.92 -23371.9 4006.48 -27378.4 113306 1.30419 0.0195557 
4.925 -23367 4009.18 -27376.2 113338 1.30507 0.0195517 
4.93 -23369.8 4020.11 -27389.9 113149 1.30863 0.0195383 
4.935 -23381.2 4037.68 -27418.9 112747 1.31435 0.0195167 
4.94 -23399.4 4057.96 -27457.4 112212 1.32095 0.0194892 
4.945 -23420.2 4076.22 -27496.4 111664 1.32689 0.0194584 
4.95 -23438.7 4089 -27527.7 111219 1.33105 0.0194267 
4.955 -23451.3 4095.6 -27546.9 110936 1.3332 0.0193955 
4.96 -23457.5 4098.1 -27555.6 110800 1.33402 0.0193656 
4.965 -23459.5 4099.68 -27559.1 110738 1.33453 0.0193371 
4.97 -23460.9 4102.3 -27563.2 110681 1.33538 0.0193102 
4.975 -23463.8 4105.2 -27569 110611 1.33633 0.0192852 
4.98 -23467 4105.58 -27572.6 110579 1.33645 0.0192628 
4.985 -23467.4 4101.06 -27568.5 110657 1.33498 0.0192431 
4.99 -23462.7 4091.63 -27554.4 110875 1.33191 0.0192256 
4.995 -23453.1 4079.61 -27532.7 111198 1.328 0.0192092 
5 -23440.7 4068.11 -27508.8 111549 1.32425 0.0191922 
