(time) (Kinetic energy) (Potential Energy) (Energy) (Pressure) 
0 -3200.32 2562.71 -5763.03 0
0.01 -15020 2470.85 -17490.9 0
0.02 -14933.7 2288.39 -17222 0
0.03 -14771.8 2022.6 -16794.4 0
0.04 -14555.7 1697.38 -16253.1 0
0.05 -14327.7 1359.24 -15686.9 0
0.06 -14142.5 1062.27 -15204.8 0
0.07 -14041.8 842.712 -14884.5 0
0.08 -14030.4 707.294 -14737.7 0
0.09 -14087.4 640.889 -14728.2 0
0.1 -14183.2 620.076 -14803.3 0
0.11 -14293.1 623.222 -14916.3 0
0.12 -14400.8 634.87 -15035.7 0
0.13 -14498.7 646.203 -15145 0
0.14 -14585.2 653.667 -15238.8 0
0.15 -14661.7 657 -15318.7 0
0.16 -14731.3 657.406 -15388.7 0
0.17 -14796.6 656.329 -15452.9 0
0.18 -14859.2 654.909 -15514.1 0
0.19 -14920.3 653.876 -15574.2 0
